47 48
157 158
273 274
403 404
482 483
864 865
1142 1143
1172 1173
1229 1230
1252 1253
1429 1430
1536 1537
2144 2145
2197 2198
2235 2236
2447 2448
2507 2508
2521 2522
2522 2523
2524 2525
2528 2529
2529 2530
2531 2532
2532 2533
2533 2534
2538 2539
2778 2779
2851 2852
2917 2918
3045 3046
3325 3326
3327 3328
3332 3333
3333 3334
3337 3338
3338 3339
3344 3345
3347 3348
3355 3356
3357 3358
3397 3398
3398 3399
3399 3400
3402 3403
3403 3404
3404 3405
3409 3410
3410 3411
3413 3414
3418 3419
3419 3420
3420 3421
3422 3423
3423 3424
3427 3428
3428 3429
3430 3431
3432 3433
3433 3434
3434 3435
3435 3436
3438 3439
3439 3440
3440 3441
3442 3443
3443 3444
3444 3445
3445 3446
3447 3448
3448 3449
3450 3451
3452 3453
3454 3455
3457 3458
3459 3460
3464 3465