44, 45
46, 47
47, 48
48, 49
49, 50
51, 52
52, 53
157, 158
222, 223
273, 274
352, 353
403, 404
482, 483
525, 526
575, 576
864, 865
959, 960
1142, 1143
1172, 1173
1229, 1230
1252, 1253
1281, 1282
1318, 1319
1371, 1372
1429, 1430
1536, 1537
1722, 1723
1847, 1848
2042, 2043
2144, 2145
2197, 2198
2235, 2236
2297, 2298
2337, 2338
2382, 2383
2447, 2448
2507, 2508
2517, 2518
2518, 2519
2521, 2522
2522, 2523
2524, 2525
2527, 2528
2528, 2529
2529, 2530
2531, 2532
2532, 2533
2533, 2534
2534, 2535
2536, 2537
2537, 2538
2538, 2539
2539, 2540
2541, 2542
2547, 2548
2548, 2549
2549, 2550
2551, 2552
2607, 2608
2661, 2662
2664, 2665
2689, 2690
2778, 2779
2851, 2852
2917, 2918
3045, 3046
3319, 3320
3320, 3321
3323, 3324
3324, 3325
3325, 3326
3327, 3328
3328, 3329
3330, 3331
3332, 3333
3333, 3334
3334, 3335
3337, 3338
3338, 3339
3340, 3341
3342, 3343
3344, 3345
3347, 3348
3350, 3351
3355, 3356
3357, 3358
3397, 3398
3398, 3399
3399, 3400
3400, 3401
3402, 3403
3403, 3404
3404, 3405
3407, 3408
3408, 3409
3409, 3410
3410, 3411
3412, 3413
3413, 3414
3415, 3416
3417, 3418
3418, 3419
3419, 3420
3420, 3421
3422, 3423
3423, 3424
3424, 3425
3425, 3426
3427, 3428
3428, 3429
3430, 3431
3432, 3433
3433, 3434
3434, 3435
3435, 3436
3438, 3439
3439, 3440
3440, 3441
3442, 3443
3443, 3444
3444, 3445
3445, 3446
3447, 3448
3448, 3449
3450, 3451
3452, 3453
3454, 3455
3455, 3456
3457, 3458
3458, 3459
3459, 3460
3460, 3461
3462, 3463
3463, 3464
3464, 3465
3639, 3640
3643, 3644
3647, 3648
3651, 3652
3652, 3653
3654, 3655
3657, 3658
3658, 3659
3659, 3660
