46, 47
47, 48
157, 158
222, 223
273, 274
403, 404
482, 483
864, 865
1142, 1143
1172, 1173
1229, 1230
1252, 1253
1318, 1319
1429, 1430
1536, 1537
2144, 2145
2197, 2198
2235, 2236
2447, 2448
2507, 2508
2521, 2522
2522, 2523
2524, 2525
2527, 2528
2528, 2529
2529, 2530
2531, 2532
2532, 2533
2533, 2534
2538, 2539
2551, 2552
2778, 2779
2851, 2852
2917, 2918
3045, 3046
3324, 3325
3325, 3326
3327, 3328
3328, 3329
3330, 3331
3332, 3333
3333, 3334
3337, 3338
3338, 3339
3340, 3341
3342, 3343
3344, 3345
3347, 3348
3355, 3356
3357, 3358
3397, 3398
3398, 3399
3399, 3400
